11:52:45.294	To GR-55	SysEx		F0 41 10 00 00 53 11 01 00 00 00 01 01 00 00 7D F7
11:52:45.298	From GR-55	SysEx		F0 41 10 00 00 53 12 01 00 00 00 00 05 7A F7
11:52:45.324	From GR-55	SysEx		F0 41 10 00 00 53 12 02 00 00 00 00 00 00 0E 01 00 0F 01 01 00 08 00 00 00 18 00 00 00 00 00 00 01 02 05 01 00 00 00 64 00 64 00 64 00 00 00 00 00 00 09 F7
11:52:45.358	From GR-55	SysEx		F0 41 10 00 00 53 12 02 00 02 00 01 00 00 01 01 01 01 00 00 00 00 01 00 01 01 01 00 00 18 01 01 01 00 7F 01 01 01 01 01 01 00 64 00 64 00 64 01 01 01 00 00 18 01 01 01 00 7F 01 01 01 01 01 01 00 64 00 64 00 64 01 00 00 00 00 01 01 00 00 00 00 01 00 04 01 01 01 00 0C 01 01 01 00 7F 01 01 01 01 01 01 00 64 00 64 00 64 01 00 00 00 00 01 01 00 00 00 00 01 00 01 00 00 00 00 01 01 00 00 00 00 01 00 00 64 00 64 00 64 00 00 00 00 00 00 59 F7
11:52:45.372	From GR-55	SysEx		F0 41 10 00 00 53 12 02 00 04 00 20 20 20 20 20 20 20 20 00 0A 02 00 00 00 14 0A 0A 02 06 09 07 0B 0F 46 2B 2B 32 28 0A 02 05 05 05 05 00 20 20 20 20 20 20 20 20 00 0E 09 07 00 00 00 14 0A 0A 32 32 32 32 32 32 41 41 41 41 41 41 02 05 05 05 05 00 00 00 00 00 00 00 00 00 00 00 32 32 0C F7
11:52:45.415	From GR-55	SysEx		F0 41 10 00 00 53 12 02 00 05 00 20 20 20 20 20 20 20 20 00 0A 01 00 00 00 14 0A 0A 14 14 14 14 14 14 41 41 41 41 41 41 02 05 05 05 05 00 20 20 20 20 20 20 20 20 00 0E 09 07 00 00 00 14 0A 0A 32 32 32 32 32 32 41 41 41 41 41 41 02 05 05 05 05 00 00 00 00 00 00 00 00 00 00 00 32 32 40 F7
11:52:45.448	From GR-55	SysEx		F0 41 10 00 00 53 12 02 00 06 00 20 20 20 20 20 20 20 20 00 0A 01 00 00 00 14 0A 0A 14 14 14 14 14 14 41 41 41 41 41 41 02 05 05 05 05 00 20 20 20 20 20 20 20 20 00 0E 09 07 00 00 00 14 0A 0A 32 32 32 32 32 32 41 41 41 41 41 41 02 05 05 05 05 00 00 00 00 00 00 00 00 00 00 00 32 32 3F F7
11:52:45.478	From GR-55	SysEx		F0 41 10 00 00 53 12 02 00 07 00 20 20 20 20 20 20 20 20 00 0A 01 00 00 00 14 0A 0A 14 14 14 14 14 14 41 41 41 41 41 41 02 05 05 05 05 00 20 20 20 20 20 20 20 20 00 0E 09 07 00 00 00 14 0A 0A 32 32 32 32 32 32 41 41 41 41 41 41 02 05 05 05 05 00 00 00 00 00 00 00 00 00 00 00 32 32 3E F7
11:52:45.514	From GR-55	SysEx		F0 41 10 00 00 53 12 02 00 08 00 20 20 20 20 20 20 20 20 00 0A 01 00 00 00 14 0A 0A 14 14 14 14 14 14 41 41 41 41 41 41 02 05 05 05 05 00 20 20 20 20 20 20 20 20 00 0E 09 07 00 00 00 14 0A 0A 32 32 32 32 32 32 41 41 41 41 41 41 02 05 05 05 05 00 00 00 00 00 00 00 00 00 00 00 32 32 3D F7
11:52:45.540	From GR-55	SysEx		F0 41 10 00 00 53 12 02 00 09 00 20 20 20 20 20 20 20 20 00 0A 01 00 00 00 14 0A 0A 14 14 14 14 14 14 41 41 41 41 41 41 02 05 05 05 05 00 20 20 20 20 20 20 20 20 00 0E 09 07 00 00 00 14 0A 0A 32 32 32 32 32 32 41 41 41 41 41 41 02 05 05 05 05 00 00 00 00 00 00 00 00 00 00 00 32 32 3C F7
11:52:45.570	From GR-55	SysEx		F0 41 10 00 00 53 12 02 00 0A 00 20 20 20 20 20 20 20 20 00 0A 01 00 00 00 14 0A 0A 14 14 14 14 14 14 41 41 41 41 41 41 02 05 05 05 05 00 20 20 20 20 20 20 20 20 00 0E 09 07 00 00 00 14 0A 0A 32 32 32 32 32 32 41 41 41 41 41 41 02 05 05 05 05 00 00 00 00 00 00 00 00 00 00 00 32 32 3B F7
11:52:45.601	From GR-55	SysEx		F0 41 10 00 00 53 12 02 00 0B 00 20 20 20 20 20 20 20 20 00 0A 01 00 00 00 14 0A 0A 14 14 14 14 14 14 41 41 41 41 41 41 02 05 05 05 05 00 20 20 20 20 20 20 20 20 00 0E 09 07 00 00 00 14 0A 0A 32 32 32 32 32 32 41 41 41 41 41 41 02 05 05 05 05 00 00 00 00 00 00 00 00 00 00 00 32 32 3A F7
11:52:45.630	From GR-55	SysEx		F0 41 10 00 00 53 12 02 00 0C 00 20 20 20 20 20 20 20 20 00 0A 01 00 00 00 14 0A 0A 14 14 14 14 14 14 41 41 41 41 41 41 02 05 05 05 05 00 20 20 20 20 20 20 20 20 00 0E 09 07 00 00 00 14 0A 0A 32 32 32 32 32 32 41 41 41 41 41 41 02 05 05 05 05 00 00 00 00 00 00 00 00 00 00 00 32 32 39 F7
11:52:45.661	From GR-55	SysEx		F0 41 10 00 00 53 12 02 00 0D 00 20 20 20 20 20 20 20 20 00 0A 01 00 00 00 14 0A 0A 14 14 14 14 14 14 41 41 41 41 41 41 02 05 05 05 05 00 20 20 20 20 20 20 20 20 00 0E 09 07 00 00 00 14 0A 0A 32 32 32 32 32 32 41 41 41 41 41 41 02 05 05 05 05 00 00 00 00 00 00 00 00 00 00 00 32 32 38 F7